image_width: 640
image_height: 480
camera_name: front_vslam_camera
camera_matrix:
  rows: 3
  cols: 3
  data: [476.043, 0.000000, 316.8088, 0.000000, 476.043, 282.7012, 0.000000, 0.000000, 1.000000]
distortion_model: equidistant
distortion_coefficients:
  rows: 1
  cols: 4
  data: [0.51300644292855924,
          0.37507331031402369,
          0.5563309425517865,
          0.56161519765512624,]  # Add k4 and additional coefficients as needed
rectification_matrix:
  rows: 3
  cols: 3
  data: [0.999978, 0.002789, -0.006046, -0.002816, 0.999986, -0.004401, 0.006034, 0.004417, 0.999972]
projection_matrix:
  rows: 3
  cols: 4
  data: [393.653800, 0.000000, 322.797939, 0.000000, 0.000000, 393.653800, 241.090902, 0.000000, 0.000000, 0.000000, 1.000000, 0.000000]